2.0908070368781093
0.754118826137621
0.3013102078921288
2.025183899896073
0.49850257600105197
0.14692975762080587
0.17775253341230485
1.1779571170883563
1.0403765653581372
0.3657838378442602
0.35014355371085115
0.6106871741097676
1.1776107639080575
1.5031551717322884
0.447989381437892
0.18229473481116396
0.9832806761777096
1.9882585120462632
0.3154613400918307
2.105252663903871
0.34438756929427145
1.4234160936927178
0.3628833458388862
2.8613859064787124
0.7486702736513761
0.48958341063223243
0.17103398651343182
10.990017679679658
0.9890762157427676
14.241662675377325
0.686455427397011
0.2026175226055917
0.5424808783779587
1.0691497627725721
3.260607074575086
4.891621509801628
3.9847741242405164
1.010825654696512
0.946451781506479
1.308880872824326
0.7687858500063942
1.845388233499951
8.223592137245532
8.789569015401923
0.05747930197127259
1.0647719404909146
2.3445402760583636
0.3912205667248644
2.2597118402052505
0.47647459403183373
1.5442573592698723
1.4901083631739538
0.336334601056576
1.091418362737199
2.57964804691859
0.1962694551709
0.638464259164288
1.5978299311274617
0.08472227169933709
1.0497681382258468
1.0722098563241713
0.9379711638529508
1.3665689481976695
1.0894121495178568
0.2038015918736737
0.45857841450622044
2.018114560885384
0.5208434646088391
0.5944221906010972
0.27131051843669574
1.421807998182258
0.031186176923379907
1.9463631741973533
0.3672031789542862
0.6370087102760382
0.17184127380223482
1.4727369089835334
0.11887366983615327
1.6618142505589788
0.8201802719408643
0.328751275756129
2.9617838039121707
0.7303911361937011
9.458645237452275
7.016004405643613
3.021773752775909
1.6642148814032658
1.2892576819537531
1.4629812302036589
0.18034061518234967
0.9834071263886538
2.470945584929377
0.4792555522629465
2.950700700093949
0.5977961581903047
2.893346092747606
0.9618783351485433
0.4143789612943759
1.415943586256312
1.5697171305246438
1.0867151422248007
0.5155057007508066
1.2445906351368035
0.6818658801732133
1.2502933307355282
2.5354643779624495
0.5207366385312155
0.4622096848721608
0.7752157849919343
1.1432144799744957
0.2003634702489302
0.36599428341982615
0.0817674856777092
0.37931319927102486
0.10662930347730822
0.7711869916156879
1.0928120124128518
0.8735466587037046
0.6929607240516824
3.341369279544837
0.3740152365982513
2.545730838171723
0.9678536504148431
0.6907699449279601
0.3864844399690299
2.339823694666236
0.17955601215232997
0.32949172033752644
1.5806360464372704
0.47746920284546196
2.6800472406115734
0.1734301497730043
0.4821596545129611
1.0158943098483628
0.04960946774495869
0.6679899036876563
0.9360993394034797
0.5548762064097436
0.9603060561179486
0.625283048707504
1.7889458423900428
0.6623355233036056
0.20259917765418933
0.24191965859457149
1.5011186886063121
0.093971055900656
0.6838569121399137
0.2973019348226301
0.06679465712449692
0.03077078820200852
0.03484216317824167
0.26920481983551336
0.3666684476331858
0.17725418007499505
0.6865638974517735
1.2885187967210419
0.10159794470425974
0.9406766779966701
0.3579100896656593
0.07888523691218093
0.8680917120825923
0.7195665305744511
0.8264555176588254
1.4659498442028998
0.9663110562144052
1.719731896851257
0.9929980995919168
0.41241938356743785
2.729836817264413
1.1267595079807384
0.3880123058650833
0.5968098857522913
2.4631675091770955
0.05996934687970389
0.3458408941000771
1.0335586698258488
5.312896100837014
3.6193718566031423
1.9347143088053824
0.3565875275557592
0.6199910848114278
0.06114561244434785
0.3004507429187698
0.037149905177013824
0.05792414178233184
0.01829219918146946
0.008513915852381204
0.01799403034741173
0.08671235403220863
0.2882122765025475
0.0807937894961873
0.007643548388863916
0.151318216933239
0.13504064077043568
0.11126998359244282
0.0381969284217606
0.12166915801555767
